bootstrapping results
             mean-----------------min------------------max
PC1: (1.6650012566355523, 1.6601283258802166, 1.669874187390888)
PC2: (1.4373478659781305, 1.4319232738039585, 1.4427724581523025)
PC3: (0.6157778258975631, 0.6127813351842777, 0.6187743166108486)